159.24869109947645 90.69895287958116
158.3169501152123 91.63729652234548
158.2695610809849 91.78372208609062
158.27728550709514 91.83138635458673
158.24418032301668 91.8226953202749
158.22595933240723 91.7838144802547
158.234132009905 91.79283558296243
158.2614971592729 91.80106876520495
158.24938529330882 91.80130883192066
158.2478138871195 91.84298414206904
158.2367872350721 91.79637594463804
158.2515902116118 91.8232537034483
158.25035626428593 91.78613563563198
158.26014471524047 91.79745008870981
158.26167299322913 91.81403014429145
158.25520353900504 91.80658631850025
158.26787136318796 91.79650797916392
158.25642919789885 91.82878389206326
158.24211150782833 91.82790076170085
158.2653378105939 91.8351586038062
158.2357341918423 91.8236125550431
158.24660033858117 91.80461749916074
158.2689305426237 91.80884909348492
158.2601690118089 91.85987160495657
158.24464789044464 91.814664725444
158.2543290980094 91.8522710418465
158.25442858500082 91.8250491085897
158.26787898599787 91.83757857247241
158.25690510902314 91.85996484021706
158.25982692446735 91.8200404887499
158.25357898216134 91.83464358087627
158.25247870632643 91.82794028071575
158.23841065158427 91.80798966372146
158.24518246850346 91.83271601543711
158.25323426821706 91.81872947021407
158.22632090249124 91.82545343248157
158.25978462131195 91.85892510150441
158.2351370861105 91.8133512006857
158.2413452854833 91.83922249462495
158.23898370781023 91.81747332753054
158.2047797370425 91.81373195487168
158.21588588445388 91.81590766755386
158.22856957918646 91.83599018589877
158.20920877396946 91.83280298789697
158.22320496011616 91.80348474021818
158.18904659280258 91.84686848117934
158.2212545831179 91.84767842060774
158.23063604558627 91.81868177114038
158.21466606240938 91.8443238851421
158.21065605747646 91.84767419986679
158.23116811980833 91.83050967858236
158.1887512542104 91.79991593576926
158.20521611019416 91.83925579430579
158.21177125756105 91.86547927626523
158.2140706342176 91.83727346365114
158.20486933157724 91.82913263458295
158.2050181019274 91.82902935582388
158.1897019211774 91.84324009824525
158.19864182304724 91.80001604557833
158.17189083144945 91.79568422334205
158.22785599316012 91.8495038508525
158.20147515615236 91.80818845077312
158.1824668836689 91.82370097756936
158.19426991384358 91.80217083658357
158.22032711615935 91.81629316699352
158.1844624607195 91.80265666946494
158.17505060957183 91.82625279616434
158.19248755427907 91.80147981957822
158.20524049611174 91.81291784834673
158.21197550443674 91.8138255198275
158.22963393622865 91.81776392859041
158.22519919587444 91.84113056669403
158.205831389148 91.83647970655522
158.21084127213726 91.81953805981328
158.21669898778953 91.82762248636777
158.19833735536383 91.82788843134142
158.24267921031924 91.82394405903429
158.22456572397664 91.81850450550468
158.2376000684991 91.83195793478313
158.2204408707662 91.82337339481793
158.22415101216882 91.82499930193865
158.2233303870745 91.82792526159375
158.22507760962804 91.80110642260638
158.23842267721852 91.80570711253881
158.21893467878363 91.8056195707513
158.25369406003426 91.83510510429656
158.24157291493407 91.8187591570263
158.23405637593692 91.81981220767639
158.24083395895502 91.83912541959268
158.24498259673044 91.83079944131939
158.2411712888869 91.85208025640873
158.24136929663047 91.82727220990546
158.24047168105847 91.8213472471183
158.2482458530858 91.82787797697026
158.2245442901151 91.85849257270397
158.2277126623079 91.80794718469755
158.2156612376533 91.85097490081688
158.2430543638519 91.83578160376382
158.23332701681625 91.84152029851066
158.19497255597082 91.8149209021114
158.23907744465652 91.83043806239263
158.21788652042665 91.84825454033734
158.20903137126857 91.81774509762977
158.21271358391095 91.83349084576804
158.23621077953567 91.82993413095738
158.23012071780698 91.82748766669897
158.21200222943173 91.84943213990243
158.18520668796458 91.82721822636185
158.1930882290656 91.81627610220545
158.22317500175956 91.8161248032444
158.20503374445684 91.83274498160682
158.17994418793046 91.82083183302535
158.20358350284744 91.83291298521851
158.21954769657748 91.82798621948149
158.21554857373366 91.8328881143172
158.1854590035366 91.87070636469184
158.19098784502035 91.81011504502462
158.19073672123693 91.81774740278479
158.210993624259 91.85217419447474
158.2031263733249 91.82381204762243
158.2185050535362 91.83443413147091
158.19499744192376 91.84107340347612
158.19810675496285 91.83809958118042
158.20319322693365 91.84088804292873
158.18681423082273 91.79413815170494
158.21743521037956 91.84734173438599
158.2239676198442 91.8178060037693
158.21220591659886 91.82950370188547
158.20653761910808 91.85977941502262
158.2065902323577 91.81483166363051
158.21650142929582 91.83288486031046
158.2103884084013 91.83130423026375
158.20491366613635 91.8167887529329
158.24033328710016 91.85127543550558
158.21412759039015 91.85409309206227
158.2170108986641 91.83915725739541
158.20796529097663 91.83302067814446
158.20873735421537 91.83902606793086
158.2155989533042 91.85276647347834
158.22092788436737 91.83125770918545
158.2260395706087 91.82658587393877
158.2261495046124 91.83746860133425
158.22075311366945 91.80470240701126
158.22647942089554 91.84116542334942
158.24114143236955 91.83017212912472
158.2443419196522 91.81572882915984
158.22772192263824 91.84238002923581
158.20578652732968 91.82853530524204
158.2162689692733 91.84268170241856
158.23054844764056 91.87291382935751
158.26018366829953 91.85653017955278
158.22816804983847 91.84099526686924
158.22097003284262 91.81774635879225
158.22405989750052 91.82179137513236
158.2254521967189 91.84774667578273
158.22927832674964 91.84326288939312
158.20842225298657 91.8260451603723
158.22211883381755 91.85052654947845
158.1928763285946 91.88509849043646
158.2281876235553 91.8173447543619
158.24153332700268 91.82966538135341
158.21003765918255 91.81082337737246
158.19684565133997 91.86693969255259
158.19308860708668 91.85902670386446
158.2001344473162 91.82223810725017
158.2147001528689 91.81077952577533
158.19703515939273 91.88037194653504
158.19364506851116 91.83196397686069
158.2283579747447 91.83425089851823
158.20923920534153 91.84769226395767
158.1832935055411 91.83222437496272
158.2128459356751 91.85879275783947
158.1793425477229 91.83308300383592
158.2269705423953 91.81578117207374
158.2112989398363 91.84192731144029
158.22061278741114 91.84344283336893
158.20171016211822 91.82916320506604
158.17436625497356 91.83817611085317
158.18585936067564 91.84301635085043
158.1892907593595 91.84550315278676
158.15352357337213 91.87134702892715
158.21506643159455 91.85818327413787
158.18258907896063 91.81728493018704
158.20834102557762 91.81262092618925
158.20197172044846 91.81294528309388
158.22074305025558 91.82991516479552
158.20219124511516 91.83706509926009
158.22392461569234 91.83538333379971
158.20882944552125 91.85257927828437
158.218862812051 91.80720861276637
158.21185274247495 91.85418697068013
158.2034604994509 91.84157476998968
158.2206598889864 91.83758164610217
158.22389734128978 91.8243563606485
158.21118883385446 91.85018871272393
158.2156917508281 91.85973266834469
158.24458001604097 91.82530964321012
158.22089947547363 91.8489520849075
158.2113740384437 91.81618109857197
158.21014447648503 91.86142332891671
158.2283964320717 91.84347816560046
158.25010708509177 91.81029568220299
158.22274987572678 91.84159654220636
158.22354682559921 91.83064807856701
158.23768573806012 91.80011670255652
158.23102264496515 91.82506064943934
158.2658698783922 91.83765472849507
158.22267302923694 91.83055113671051
158.24188338755897 91.83448082963267
158.22314244518094 91.8064112492849
158.2356419891412 91.84326804667273
158.24955100675072 91.8337638088014
158.23557242154686 91.82298107728849
158.2510602929043 91.79375738552142
158.22872666600745 91.84027104728099
158.2446571835294 91.82979229876452
158.21177718389515 91.83899290150913
158.208377201448 91.85956445868521
158.24442580549737 91.84924229788118
158.22510607764838 91.81327339030969
158.1909818255948 91.84730235508553
158.24436715388458 91.80830374633126
158.21296283081477 91.84500192980207
158.19695187426595 91.82934733478606
158.22156253787148 91.82409604445638
158.22865323817985 91.8322427154913
158.20762689981052 91.85429934821545
158.21319909489114 91.82138044786802
158.21749183285942 91.81242681860067
158.18034903124482 91.81430648772618
158.2194779988588 91.8310688345536
158.19737738732522 91.8349919312059
158.1995407966677 91.82444670139267
158.18813858539363 91.85809209688318
158.2065815573999 91.84133776575146
158.18558667504703 91.86162671860453
158.20691415876007 91.84656150306819
158.16288308620858 91.81725317397684
158.2191452918113 91.84421978575426
158.18492327843262 91.8442460716455
158.2157650267249 91.83054170803001
158.21245657529397 91.84694654710529
158.23534647511008 91.8441965113758
158.2468549997908 91.8430881560887
158.25283480245992 91.85737564439961
158.23980144245814 91.82813021215628
158.2446547690489 91.81754036554511
158.2390207475421 91.81956499170522
158.25861920978855 91.83236038772108
158.23525898341097 91.82378431929988
158.22872369616266 91.8141963790311
158.23169958582196 91.84911298060936
158.2316792202829 91.834023446341
158.22987978654635 91.83978884978791
158.23216351850476 91.85063098165293
158.21025753453057 91.80589732949369
158.23192860534817 91.81748991436501
158.2234080159477 91.84004679621097
158.2189268006273 91.84896543014696
158.2124514487549 91.82050186092397
158.23235600600992 91.84478600242358
158.23773900532524 91.83848496978999
158.2335266839832 91.8373843186136
158.21510237511643 91.84994997508468
158.21588089986534 91.8091582833344
158.1841257427501 91.80622817747275
158.19017924532352 91.81802980030778
158.19142027667016 91.85071941017975
158.2281094341575 91.84954339428725
158.22000524777917 91.8365267698187
158.22799829844678 91.81030833574289
158.23108129994813 91.83851405240284
158.19567015848713 91.8587368048606
158.18956630237687 91.86566541298993
158.2070714571537 91.8284256365578
158.21805786771984 91.8339444949919
158.20640154260047 91.81863740356931
158.19212826336764 91.8424025630116
158.20722982288498 91.82979522907033
158.18749681285487 91.88944586711926
158.19804359959062 91.82447666310122
158.1974345394924 91.84463664433144
158.20678447595748 91.82943369392007
158.2192114680563 91.8239923179676
158.22137477695298 91.84650588338636
158.19400292007157 91.83732081406373
158.18586994525333 91.82464785307678
158.1821271237631 91.82983420288099
158.1536081805624 91.83272211885713
158.22088019569412 91.84078760988183
158.2124862457792 91.83757358677036
158.18871183653425 91.86300118959076
158.2202604919587 91.87176891431488
158.20137169299926 91.86028828707913
158.2108635203113 91.8512149137818
158.20350055914383 91.84071757013783
158.22522426545754 91.83605395027564
158.19001260659462 91.82522750954351
158.224864767251 91.84760567505623
158.22544773683887 91.82378152600245
158.2066832854992 91.83725906625034
158.25091581450238 91.83392170883758
158.19710505863907 91.81434696065418
158.22928058423457 91.82010904244424
158.19446264972345 91.86331619519962
158.21968981257578 91.80073507072404
158.2454780775754 91.84307809039251
158.2075754075032 91.8678792266422
158.2261117198221 91.82322789914971
158.25528459072416 91.85043917501832
158.23547354071934 91.83437664701478
158.2262854736573 91.8520727040879
158.218523336702 91.84109000588944
158.23054778259825 91.84242457562348
158.20471065010275 91.83830673105334
158.23208257349938 91.8364326236613
158.23911126009534 91.8039244019352
158.20523076213897 91.8294010090251
158.23409560797978 91.83870022130142
158.19778152866678 91.81557699565633
158.23856060597126 91.82963053222807
158.20885654924717 91.82137169628521
158.21381112671952 91.81378468904376
158.24651243569076 91.83447997046443
158.2365755102279 91.82674579768292
158.1827339106137 91.83410323540124
158.2246766129149 91.84717687020341
158.22421762432106 91.85444754537218
158.19728338463813 91.83571141948474
158.22319122717033 91.87001750659181
158.2205830693482 91.82379245246977
158.1876877783127 91.85990961983254
158.17938529234533 91.85990219954627
158.20452685100804 91.83870758309234
158.17847635716896 91.816132000849
158.19955970385433 91.87333878399264
158.18909172509473 91.83145241249696
158.1818955396335 91.846188058584
158.22597257547233 91.83146723195983
158.2130017591769 91.8805589764304
158.21258217155855 91.83960998768984
158.21879547581682 91.83217172336526
158.204461931614 91.87207188120345
158.20563133576485 91.84251575201915
158.20036108513852 91.85537325042463
158.19345267510124 91.86489344214348
158.19052026993165 91.85210195354927
158.20134336144463 91.83254105868946
158.22340102920634 91.85079907386779
158.21416359257967 91.84520113629884
158.21815366641601 91.874074648217
158.17863565321375 91.86366259711806
158.2109930197006 91.83589925388293
158.18542364551388 91.85520982476169
158.19016849354352 91.83249628451466
158.20249879336995 91.82402853231324
158.20888056952322 91.82426141983012
158.19466684562553 91.86197674582996
158.219008101217 91.85141260469669
158.21884027873028 91.8339496539052
158.2576644486811 91.82639088536843
158.22925521951254 91.82679031907867
158.23132939746097 91.83923153992737
158.23072457325304 91.82667911282817
158.20478517089782 91.79441004579135
158.2535098812209 91.8296143342535
158.22620466400383 91.84818540764095
158.2687392784668 91.82465627903449
158.24490844223885 91.81067973198356
158.24708639846153 91.81441562511964
158.22931978368672 91.82019800479696
158.23538901994345 91.82434297028652
158.23777819283822 91.80326640890627
158.21402255595945 91.83010893842635
158.23064078394117 91.8096909433724
158.22843983876157 91.83982901768678
158.22215580356357 91.82488723435034
158.24482512687547 91.84822518046292
158.2465683578631 91.83193333484735
158.22784604203144 91.8340385559847
158.24093264449016 91.8598463020673
158.25195562324024 91.82228670562395
158.22563637217434 91.86200316959278
158.2162685384675 91.83473167152681
158.22533202873717 91.84198220531812
158.21077753311363 91.84775073718617
158.21230488866308 91.83654877826336
158.20316578154234 91.84019617352118
158.23093833611824 91.82745513845822
158.219140338221 91.89878771726228
158.2082822536904 91.8555539209789
158.21275410805106 91.83989311881982
158.21178929800897 91.84054276617988
158.2124187321922 91.86091861867584
158.24574100337873 91.83520720775542
158.21463022760713 91.85200581837626
158.22778152197452 91.91382317509152
158.2352485615528 91.85245689114566
158.2016380321822 91.86798071008263
158.22958571110928 91.84368111204526
158.25475477531717 91.85543640202573
158.2594287094813 91.84898088473855
158.23925131002522 91.81078116932372
158.2038965725581 91.85701309647817
158.20346739987906 91.88352702549034
158.22889583369795 91.82522170967505
158.24860226956855 91.83849696555444
158.23738567909777 91.85150784899366
158.2324305372128 91.86303948810598
158.2306992791485 91.86755829139298
158.23537709090817 91.83000913544936
158.2446660109748 91.8198698627155
158.22216752042078 91.8217775579335
158.22205028774135 91.84173597104649
158.24771455909666 91.84783634055333
158.2543825069058 91.86642405134563
158.23602501990376 91.84029351588671
158.24941468764462 91.85446925406754
158.23447644563498 91.86430366228751
158.24846933602987 91.85243979646089
158.2681570417554 91.8457666817149
158.25769996450447 91.84935953371667
158.26182740229098 91.84786415472524
158.23784897106225 91.85644518135763
158.24210464487942 91.8657878508393
158.27049160688438 91.85195246452696
158.26439283082829 91.884059159608
158.26827778174345 91.83930498600296
158.2620777821246 91.8509934579813
158.2571729428161 91.85390401336795
158.2559897406909 91.85961674184898
158.26781366651704 91.82594047901921
158.24964541023047 91.83389717322115
158.28616940482505 91.87708438827451
158.26321887163516 91.86560027000525
158.24910833169054 91.85275159722352
158.27201179480426 91.84379679929603
158.24954394058886 91.84364228463895
158.24660239121056 91.80752987575775
158.1987974820576 91.82946739729977
158.27144251294942 91.80860829277697
158.22428232554842 91.83105744606303
158.2557670481034 91.85480976305286
158.24898757642944 91.90588423546262
158.25223621871044 91.9243867409669
158.20842643038566 91.89513147396576
158.2318705433355 91.92011896283776
158.2703206256345 91.98568239007835
158.29154443217828 91.94358383225199
158.2468013424214 91.93134268647898
158.24956194419207 92.09320780064354
158.25082046385387 92.00645865910263
158.30000462526368 92.07322799313602
158.28158507504367 92.03915694913314
158.39339767400116 91.91534594866152
158.41617569926314 91.82335188853892
158.50359231959413 91.81521379626884
158.61617751419863 91.6377443124016
159.03232102093557 91.45100303142289
158.99710666368827 91.45036849391738
158.77297963546164 91.35906043527541
158.80267716900232 91.29815669867207
